------- BEAMDYN V1.00.* INDIVIDUAL BLADE INPUT FILE --------------------------
Generated with AeroElasticSE FAST driver
---------------------- BLADE PARAMETERS --------------------------------------
30                     station_total - Number of blade input stations (-)
1                      damp_type   - Damping type: 0: no damping; 1: damped
---------------------- DAMPING COEFFICIENT------------------------------------
    mu1         mu2         mu3         mu4         mu5         mu6    
    (-)         (-)         (-)         (-)         (-)         (-)    
 0.003040    0.002026    0.002026    0.002026    0.003040    0.002026  
---------------------- DISTRIBUTED PROPERTIES---------------------------------
 0.000000000000000e+00
 4.703861783820287e+09 -1.654924622706102e-01  0.000000000000000e+00  0.000000000000000e+00  0.000000000000000e+00  8.231232742502340e+02
-1.656270813996926e-01  4.703860606134462e+09  0.000000000000000e+00  0.000000000000000e+00  0.000000000000000e+00 -1.481899178951016e+00
 0.000000000000000e+00  0.000000000000000e+00  3.214316291414806e+10 -5.714619355225640e+03  3.152347879962341e+00  0.000000000000000e+00
 0.000000000000000e+00  0.000000000000000e+00 -5.714618670614541e+03  7.838117683582983e+10  8.671618304532455e+00  0.000000000000000e+00
 0.000000000000000e+00  0.000000000000000e+00  3.153258785250396e+00  8.671130082498296e+00  7.838119591803674e+10  0.000000000000000e+00
 8.231232742587262e+02 -1.481901367001584e+00  0.000000000000000e+00  0.000000000000000e+00  0.000000000000000e+00  4.585136006460193e+10

 2.224321316971339e+03  0.000000000000000e+00  0.000000000000000e+00  0.000000000000000e+00  0.000000000000000e+00  3.952266175178826e-04
 0.000000000000000e+00  2.224321316971339e+03  0.000000000000000e+00  0.000000000000000e+00  0.000000000000000e+00 -2.581914797358722e-07
 0.000000000000000e+00  0.000000000000000e+00  2.224321316971339e+03 -3.952266175178826e-04  2.581914797358722e-07  0.000000000000000e+00
 0.000000000000000e+00  0.000000000000000e+00 -3.952266175178826e-04  5.425272927318234e+03  5.807977528825498e-07  0.000000000000000e+00
 0.000000000000000e+00  0.000000000000000e+00  2.581914797358722e-07  5.807977528825498e-07  5.425274250403120e+03  0.000000000000000e+00
 3.952266175178826e-04 -2.581914797358722e-07  0.000000000000000e+00  0.000000000000000e+00  0.000000000000000e+00  1.085054717772135e+04

 3.448300000000000e-02
 3.322975894469271e+09 -2.370820118835954e+07  0.000000000000000e+00  0.000000000000000e+00  0.000000000000000e+00  2.190794989110973e+08
-2.370820118855216e+07  3.894266365633323e+09  0.000000000000000e+00  0.000000000000000e+00  0.000000000000000e+00  2.566930826056902e+07
 0.000000000000000e+00  0.000000000000000e+00  2.760374887721785e+10 -3.325995901644593e+09 -1.157778832919706e+07  0.000000000000000e+00
 0.000000000000000e+00  0.000000000000000e+00 -3.325995901645157e+09  6.092356388335108e+10 -3.232389541683666e+09  0.000000000000000e+00
 0.000000000000000e+00  0.000000000000000e+00 -1.157778832917433e+07 -3.232389541683975e+09  5.973075588362592e+10  0.000000000000000e+00
 2.190794989110687e+08  2.566930826057731e+07  0.000000000000000e+00  0.000000000000000e+00  0.000000000000000e+00  3.161265421556014e+10

 1.734439662556234e+03  0.000000000000000e+00  0.000000000000000e+00  0.000000000000000e+00  0.000000000000000e+00  8.904805222211264e+01
 0.000000000000000e+00  1.734439662556234e+03  0.000000000000000e+00  0.000000000000000e+00  0.000000000000000e+00  7.366840737925271e+00
 0.000000000000000e+00  0.000000000000000e+00  1.734439662556234e+03 -8.904805222211264e+01 -7.366840737925271e+00  0.000000000000000e+00
 0.000000000000000e+00  0.000000000000000e+00 -8.904805222211264e+01  4.039756584914732e+03 -3.475423526862500e+01  0.000000000000000e+00
 0.000000000000000e+00  0.000000000000000e+00 -7.366840737925271e+00 -3.475423526862500e+01  3.567185534079611e+03  0.000000000000000e+00
 8.904805222211264e+01  7.366840737925271e+00  0.000000000000000e+00  0.000000000000000e+00  0.000000000000000e+00  7.606942118994334e+03

 6.896600000000000e-02
 1.732435628936870e+09 -7.914127408103841e+06  0.000000000000000e+00  0.000000000000000e+00  0.000000000000000e+00  5.408336683069937e+08
-7.914127407765641e+06  3.197282050641764e+09  0.000000000000000e+00  0.000000000000000e+00  0.000000000000000e+00  5.782183868507262e+07
 0.000000000000000e+00  0.000000000000000e+00  2.156963572197629e+10 -4.389634472113015e+09 -5.274652278567500e+07  0.000000000000000e+00
 0.000000000000000e+00  0.000000000000000e+00 -4.389634472113014e+09  4.093966591167269e+10 -2.638913868815885e+09  0.000000000000000e+00
 0.000000000000000e+00  0.000000000000000e+00 -5.274652278566216e+07 -2.638913868815716e+09  2.850735792883292e+10  0.000000000000000e+00
 5.408336683070130e+08  5.782183868501879e+07  0.000000000000000e+00  0.000000000000000e+00  0.000000000000000e+00  1.491163769462396e+10

 1.268150634557631e+03  0.000000000000000e+00  0.000000000000000e+00  0.000000000000000e+00  0.000000000000000e+00  1.460149296206330e+02
 0.000000000000000e+00  1.268150634557631e+03  0.000000000000000e+00  0.000000000000000e+00  0.000000000000000e+00  1.932919678841633e+01
 0.000000000000000e+00  0.000000000000000e+00  1.268150634557631e+03 -1.460149296206330e+02 -1.932919678841633e+01  0.000000000000000e+00
 0.000000000000000e+00  0.000000000000000e+00 -1.460149296206330e+02  2.667850656690228e+03 -4.007337187333861e+01  0.000000000000000e+00
 0.000000000000000e+00  0.000000000000000e+00 -1.932919678841633e+01 -4.007337187333861e+01  1.503978612440845e+03  0.000000000000000e+00
 1.460149296206330e+02  1.932919678841633e+01  0.000000000000000e+00  0.000000000000000e+00  0.000000000000000e+00  4.171829269131056e+03

 1.034480000000000e-01
 1.079554101332841e+09  1.019982983602178e+08  0.000000000000000e+00  0.000000000000000e+00  0.000000000000000e+00  8.274608073768566e+08
 1.019982983603971e+08  2.587492357085243e+09  0.000000000000000e+00  0.000000000000000e+00  0.000000000000000e+00  1.160584069059087e+08
 0.000000000000000e+00  0.000000000000000e+00  1.797248759185572e+10 -5.120469832309224e+09 -3.281765757526303e+07  0.000000000000000e+00
 0.000000000000000e+00  0.000000000000000e+00 -5.120469832309080e+09  2.918293003480656e+10 -1.826195154229944e+09  0.000000000000000e+00
 0.000000000000000e+00  0.000000000000000e+00 -3.281765757515603e+07 -1.826195154230007e+09  1.296774271671099e+10  0.000000000000000e+00
 8.274608073769217e+08  1.160584069059658e+08  0.000000000000000e+00  0.000000000000000e+00  0.000000000000000e+00  6.247881486794615e+09

 1.025474492061315e+03  0.000000000000000e+00  0.000000000000000e+00  0.000000000000000e+00  0.000000000000000e+00  2.010420045711871e+02
 0.000000000000000e+00  1.025474492061315e+03  0.000000000000000e+00  0.000000000000000e+00  0.000000000000000e+00  2.123734141943303e+01
 0.000000000000000e+00  0.000000000000000e+00  1.025474492061315e+03 -2.010420045711871e+02 -2.123734141943303e+01  0.000000000000000e+00
 0.000000000000000e+00  0.000000000000000e+00 -2.010420045711871e+02  1.878804802727834e+03 -4.765127992859122e+01  0.000000000000000e+00
 0.000000000000000e+00  0.000000000000000e+00 -2.123734141943303e+01 -4.765127992859122e+01  5.915322125853802e+02  0.000000000000000e+00
 2.010420045711871e+02  2.123734141943303e+01  0.000000000000000e+00  0.000000000000000e+00  0.000000000000000e+00  2.470337015313218e+03

 1.379310000000000e-01
 7.153127875958824e+08  8.409623015047024e+07  0.000000000000000e+00  0.000000000000000e+00  0.000000000000000e+00  6.151292803293396e+08
 8.409623015027569e+07  1.997954686555136e+09  0.000000000000000e+00  0.000000000000000e+00  0.000000000000000e+00  1.054197676235435e+08
 0.000000000000000e+00  0.000000000000000e+00  1.573059025930852e+10 -4.988454142115300e+09 -7.724861509284201e+07  0.000000000000000e+00
 0.000000000000000e+00  0.000000000000000e+00 -4.988454142115539e+09  2.283562462446546e+10 -1.483869676171246e+09  0.000000000000000e+00
 0.000000000000000e+00  0.000000000000000e+00 -7.724861509288654e+07 -1.483869676171278e+09  8.960907615726467e+09  0.000000000000000e+00
 6.151292803294243e+08  1.054197676236271e+08  0.000000000000000e+00  0.000000000000000e+00  0.000000000000000e+00  3.631698711753187e+09

 8.054961020476550e+02  0.000000000000000e+00  0.000000000000000e+00  0.000000000000000e+00  0.000000000000000e+00  1.517462257714265e+02
 0.000000000000000e+00  8.054961020476550e+02  0.000000000000000e+00  0.000000000000000e+00  0.000000000000000e+00  2.063671895624963e+01
 0.000000000000000e+00  0.000000000000000e+00  8.054961020476550e+02 -1.517462257714265e+02 -2.063671895624963e+01  0.000000000000000e+00
 0.000000000000000e+00  0.000000000000000e+00 -1.517462257714265e+02  1.414979161113514e+03 -3.989667890453871e+01  0.000000000000000e+00
 0.000000000000000e+00  0.000000000000000e+00 -2.063671895624963e+01 -3.989667890453871e+01  3.427099175649255e+02  0.000000000000000e+00
 1.517462257714265e+02  2.063671895624963e+01  0.000000000000000e+00  0.000000000000000e+00  0.000000000000000e+00  1.757689078678437e+03

 1.724140000000000e-01
 4.713318694870327e+08  6.116274787800945e+07  0.000000000000000e+00  0.000000000000000e+00  0.000000000000000e+00  4.372566023174286e+08
 6.116274787799525e+07  1.519255254869930e+09  0.000000000000000e+00  0.000000000000000e+00  0.000000000000000e+00  9.012103328755836e+07
 0.000000000000000e+00  0.000000000000000e+00  1.420134243199822e+10 -4.882382373175102e+09 -1.066392411642879e+08  0.000000000000000e+00
 0.000000000000000e+00  0.000000000000000e+00 -4.882382373175246e+09  1.808135892572306e+10 -1.042083535085756e+09  0.000000000000000e+00
 0.000000000000000e+00  0.000000000000000e+00 -1.066392411644528e+08 -1.042083535085734e+09  6.105685638275172e+09  0.000000000000000e+00
 4.372566023174134e+08  9.012103328747894e+07  0.000000000000000e+00  0.000000000000000e+00  0.000000000000000e+00  2.002555392126829e+09

 6.382046454093651e+02  0.000000000000000e+00  0.000000000000000e+00  0.000000000000000e+00  0.000000000000000e+00  1.099453794334606e+02
 0.000000000000000e+00  6.382046454093651e+02  0.000000000000000e+00  0.000000000000000e+00  0.000000000000000e+00  1.904216688798141e+01
 0.000000000000000e+00  0.000000000000000e+00  6.382046454093651e+02 -1.099453794334606e+02 -1.904216688798141e+01  0.000000000000000e+00
 0.000000000000000e+00  0.000000000000000e+00 -1.099453794334606e+02  1.075808340061291e+03 -2.961754973106651e+01  0.000000000000000e+00
 0.000000000000000e+00  0.000000000000000e+00 -1.904216688798141e+01 -2.961754973106651e+01  1.925351294204827e+02  0.000000000000000e+00
 1.099453794334606e+02  1.904216688798141e+01  0.000000000000000e+00  0.000000000000000e+00  0.000000000000000e+00  1.268343469481774e+03

 2.068970000000000e-01
 3.369947678403899e+08  4.793272374419385e+07  0.000000000000000e+00  0.000000000000000e+00  0.000000000000000e+00  2.890357411097667e+08
 4.793272374410943e+07  1.152772902808907e+09  0.000000000000000e+00  0.000000000000000e+00  0.000000000000000e+00  6.727648786992371e+07
 0.000000000000000e+00  0.000000000000000e+00  1.343341484044944e+10 -4.624811650473816e+09 -3.274628738047847e+06  0.000000000000000e+00
 0.000000000000000e+00  0.000000000000000e+00 -4.624811650473672e+09  1.486374896709709e+10 -8.463584409738806e+08  0.000000000000000e+00
 0.000000000000000e+00  0.000000000000000e+00 -3.274628738173696e+06 -8.463584409738045e+08  4.607466717107090e+09  0.000000000000000e+00
 2.890357411097471e+08  6.727648786994207e+07  0.000000000000000e+00  0.000000000000000e+00  0.000000000000000e+00  1.150493660545649e+09

 5.223881253678055e+02  0.000000000000000e+00  0.000000000000000e+00  0.000000000000000e+00  0.000000000000000e+00  6.503188309534856e+01
 0.000000000000000e+00  5.223881253678055e+02  0.000000000000000e+00  0.000000000000000e+00  0.000000000000000e+00  1.159670270013073e+01
 0.000000000000000e+00  0.000000000000000e+00  5.223881253678055e+02 -6.503188309534856e+01 -1.159670270013073e+01  0.000000000000000e+00
 0.000000000000000e+00  0.000000000000000e+00 -6.503188309534856e+01  8.438538680471297e+02 -2.558766307992575e+01  0.000000000000000e+00
 0.000000000000000e+00  0.000000000000000e+00 -1.159670270013073e+01 -2.558766307992575e+01  1.199259807662391e+02  0.000000000000000e+00
 6.503188309534856e+01  1.159670270013073e+01  0.000000000000000e+00  0.000000000000000e+00  0.000000000000000e+00  9.637798488133669e+02

 2.413790000000000e-01
 2.763716541753470e+08  3.222326376552616e+07  0.000000000000000e+00  0.000000000000000e+00  0.000000000000000e+00  2.193697951421238e+08
 3.222326376548438e+07  9.024978646315544e+08  0.000000000000000e+00  0.000000000000000e+00  0.000000000000000e+00  5.884052998367902e+07
 0.000000000000000e+00  0.000000000000000e+00  1.320848343286098e+10 -4.770336020348038e+09 -1.317029872093732e+08  0.000000000000000e+00
 0.000000000000000e+00  0.000000000000000e+00 -4.770336020348364e+09  1.301459719646540e+10 -5.345749519118065e+08  0.000000000000000e+00
 0.000000000000000e+00  0.000000000000000e+00 -1.317029872093974e+08 -5.345749519119679e+08  4.070368917972658e+09  0.000000000000000e+00
 2.193697951421143e+08  5.884052998370650e+07  0.000000000000000e+00  0.000000000000000e+00  0.000000000000000e+00  7.861721210034256e+08

 4.534487794254914e+02  0.000000000000000e+00  0.000000000000000e+00  0.000000000000000e+00  0.000000000000000e+00  4.964360813791901e+01
 0.000000000000000e+00  4.534487794254914e+02  0.000000000000000e+00  0.000000000000000e+00  0.000000000000000e+00  1.295583922477190e+01
 0.000000000000000e+00  0.000000000000000e+00  4.534487794254914e+02 -4.964360813791901e+01 -1.295583922477190e+01  0.000000000000000e+00
 0.000000000000000e+00  0.000000000000000e+00 -4.964360813791901e+01  7.066230835495492e+02 -1.877704839595226e+01  0.000000000000000e+00
 0.000000000000000e+00  0.000000000000000e+00 -1.295583922477190e+01 -1.877704839595226e+01  9.147936680362909e+01  0.000000000000000e+00
 4.964360813791901e+01  1.295583922477190e+01  0.000000000000000e+00  0.000000000000000e+00  0.000000000000000e+00  7.981024503531775e+02

 2.758620000000000e-01
 2.377499882697572e+08  2.204859840207092e+07  0.000000000000000e+00  0.000000000000000e+00  0.000000000000000e+00  1.775741449643377e+08
 2.204859840204255e+07  7.810223479048930e+08  0.000000000000000e+00  0.000000000000000e+00  0.000000000000000e+00  5.758878638516255e+07
 0.000000000000000e+00  0.000000000000000e+00  1.350582542377876e+10 -4.878566801283425e+09 -3.154992534488447e+08  0.000000000000000e+00
 0.000000000000000e+00  0.000000000000000e+00 -4.878566801283365e+09  1.221455964542664e+10 -2.754943899815015e+08  0.000000000000000e+00
 0.000000000000000e+00  0.000000000000000e+00 -3.154992534486926e+08 -2.754943899815943e+08  3.674367996543341e+09  0.000000000000000e+00
 1.775741449643468e+08  5.758878638512511e+07  0.000000000000000e+00  0.000000000000000e+00  0.000000000000000e+00  5.900558590020909e+08

 4.236649739776185e+02  0.000000000000000e+00  0.000000000000000e+00  0.000000000000000e+00  0.000000000000000e+00  3.830910985332765e+01
 0.000000000000000e+00  4.236649739776185e+02  0.000000000000000e+00  0.000000000000000e+00  0.000000000000000e+00  1.586686633534712e+01
 0.000000000000000e+00  0.000000000000000e+00  4.236649739776185e+02 -3.830910985332765e+01 -1.586686633534712e+01  0.000000000000000e+00
 0.000000000000000e+00  0.000000000000000e+00 -3.830910985332765e+01  6.465701864596914e+02 -1.426814368560458e+01  0.000000000000000e+00
 0.000000000000000e+00  0.000000000000000e+00 -1.586686633534712e+01 -1.426814368560458e+01  7.505005701195954e+01  0.000000000000000e+00
 3.830910985332765e+01  1.586686633534712e+01  0.000000000000000e+00  0.000000000000000e+00  0.000000000000000e+00  7.216202434716516e+02

 3.103450000000000e-01
 2.083824759174445e+08  1.691306364882575e+07  0.000000000000000e+00  0.000000000000000e+00  0.000000000000000e+00  1.476462827154253e+08
 1.691306364878119e+07  7.031879976359464e+08  0.000000000000000e+00  0.000000000000000e+00  0.000000000000000e+00  5.830396953574696e+07
 0.000000000000000e+00  0.000000000000000e+00  1.394869145409479e+10 -4.786914841950448e+09 -4.670124339023487e+08  0.000000000000000e+00
 0.000000000000000e+00  0.000000000000000e+00 -4.786914841950317e+09  1.166015228117047e+10 -1.308534034856077e+08  0.000000000000000e+00
 0.000000000000000e+00  0.000000000000000e+00 -4.670124339021367e+08 -1.308534034857052e+08  3.336707137903940e+09  0.000000000000000e+00
 1.476462827154593e+08  5.830396953577949e+07  0.000000000000000e+00  0.000000000000000e+00  0.000000000000000e+00  4.668490108201444e+08

 4.065690005732132e+02  0.000000000000000e+00  0.000000000000000e+00  0.000000000000000e+00  0.000000000000000e+00  2.904533646251503e+01
 0.000000000000000e+00  4.065690005732132e+02  0.000000000000000e+00  0.000000000000000e+00  0.000000000000000e+00  1.784588554239309e+01
 0.000000000000000e+00  0.000000000000000e+00  4.065690005732132e+02 -2.904533646251503e+01 -1.784588554239309e+01  0.000000000000000e+00
 0.000000000000000e+00  0.000000000000000e+00 -2.904533646251503e+01  6.075727796296236e+02 -1.179588782447366e+01  0.000000000000000e+00
 0.000000000000000e+00  0.000000000000000e+00 -1.784588554239309e+01 -1.179588782447366e+01  6.370072386567792e+01  0.000000000000000e+00
 2.904533646251503e+01  1.784588554239309e+01  0.000000000000000e+00  0.000000000000000e+00  0.000000000000000e+00  6.712735034953007e+02

 3.448280000000000e-01
 1.953409815233421e+08  1.498513315823608e+07  0.000000000000000e+00  0.000000000000000e+00  0.000000000000000e+00  1.343822021691133e+08
 1.498513315823146e+07  6.713940247129960e+08  0.000000000000000e+00  0.000000000000000e+00  0.000000000000000e+00  5.594483474183062e+07
 0.000000000000000e+00  0.000000000000000e+00  1.444283043721655e+10 -4.832180945030329e+09 -5.178072481750647e+08  0.000000000000000e+00
 0.000000000000000e+00  0.000000000000000e+00 -4.832180945030324e+09  1.109311843751129e+10 -9.244094173865986e+07  0.000000000000000e+00
 0.000000000000000e+00  0.000000000000000e+00 -5.178072481749390e+08 -9.244094173890248e+07  3.293635792779369e+09  0.000000000000000e+00
 1.343822021691135e+08  5.594483474183506e+07  0.000000000000000e+00  0.000000000000000e+00  0.000000000000000e+00  4.195185178017004e+08

 3.997412307333485e+02  0.000000000000000e+00  0.000000000000000e+00  0.000000000000000e+00  0.000000000000000e+00  2.720695058572370e+01
 0.000000000000000e+00  3.997412307333485e+02  0.000000000000000e+00  0.000000000000000e+00  0.000000000000000e+00  1.777460284274164e+01
 0.000000000000000e+00  0.000000000000000e+00  3.997412307333485e+02 -2.720695058572370e+01 -1.777460284274164e+01  0.000000000000000e+00
 0.000000000000000e+00  0.000000000000000e+00 -2.720695058572370e+01  5.686250346827535e+02 -1.073022474223627e+01  0.000000000000000e+00
 0.000000000000000e+00  0.000000000000000e+00 -1.777460284274164e+01 -1.073022474223627e+01  6.022285872498832e+01  0.000000000000000e+00
 2.720695058572370e+01  1.777460284274164e+01  0.000000000000000e+00  0.000000000000000e+00  0.000000000000000e+00  6.288478934077425e+02

 3.793100000000000e-01
 1.798871659840889e+08  1.324140638412333e+07  0.000000000000000e+00  0.000000000000000e+00  0.000000000000000e+00  1.198843238700598e+08
 1.324140638414910e+07  6.399135458545926e+08  0.000000000000000e+00  0.000000000000000e+00  0.000000000000000e+00  5.233935340741336e+07
 0.000000000000000e+00  0.000000000000000e+00  1.475816918673869e+10 -4.740242143647910e+09 -5.433565760041937e+08  0.000000000000000e+00
 0.000000000000000e+00  0.000000000000000e+00 -4.740242143648101e+09  1.028786424879384e+10 -6.629594005467252e+07  0.000000000000000e+00
 0.000000000000000e+00  0.000000000000000e+00 -5.433565760042522e+08 -6.629594005479685e+07  3.126215116870239e+09  0.000000000000000e+00
 1.198843238700638e+08  5.233935340743335e+07  0.000000000000000e+00  0.000000000000000e+00  0.000000000000000e+00  3.664976093883260e+08

 3.882057176028170e+02  0.000000000000000e+00  0.000000000000000e+00  0.000000000000000e+00  0.000000000000000e+00  2.141365449552124e+01
 0.000000000000000e+00  3.882057176028170e+02  0.000000000000000e+00  0.000000000000000e+00  0.000000000000000e+00  1.720516841758618e+01
 0.000000000000000e+00  0.000000000000000e+00  3.882057176028170e+02 -2.141365449552124e+01 -1.720516841758618e+01  0.000000000000000e+00
 0.000000000000000e+00  0.000000000000000e+00 -2.141365449552124e+01  5.144697369002347e+02 -9.615898932006319e+00  0.000000000000000e+00
 0.000000000000000e+00  0.000000000000000e+00 -1.720516841758618e+01 -9.615898932006319e+00  5.487702783459088e+01  0.000000000000000e+00
 2.141365449552124e+01  1.720516841758618e+01  0.000000000000000e+00  0.000000000000000e+00  0.000000000000000e+00  5.693467647348261e+02

 4.137930000000000e-01
 1.629279902709267e+08  1.136850096943294e+07  0.000000000000000e+00  0.000000000000000e+00  0.000000000000000e+00  1.042588735651004e+08
 1.136850096942337e+07  6.019790256881878e+08  0.000000000000000e+00  0.000000000000000e+00  0.000000000000000e+00  4.724162206989560e+07
 0.000000000000000e+00  0.000000000000000e+00  1.481683887042996e+10 -4.509626982247329e+09 -5.371114163853707e+08  0.000000000000000e+00
 0.000000000000000e+00  0.000000000000000e+00 -4.509626982247129e+09  9.288619349911631e+09 -4.892593019613401e+07  0.000000000000000e+00
 0.000000000000000e+00  0.000000000000000e+00 -5.371114163852383e+08 -4.892593019609479e+07  2.862874368493363e+09  0.000000000000000e+00
 1.042588735651163e+08  4.724162206997938e+07  0.000000000000000e+00  0.000000000000000e+00  0.000000000000000e+00  3.096644772328761e+08

 3.706539922276554e+02  0.000000000000000e+00  0.000000000000000e+00  0.000000000000000e+00  0.000000000000000e+00  1.230751974652114e+01
 0.000000000000000e+00  3.706539922276554e+02  0.000000000000000e+00  0.000000000000000e+00  0.000000000000000e+00  1.611383814782126e+01
 0.000000000000000e+00  0.000000000000000e+00  3.706539922276554e+02 -1.230751974652114e+01 -1.611383814782126e+01  0.000000000000000e+00
 0.000000000000000e+00  0.000000000000000e+00 -1.230751974652114e+01  4.506566178675506e+02 -8.504789010466608e+00  0.000000000000000e+00
 0.000000000000000e+00  0.000000000000000e+00 -1.611383814782126e+01 -8.504789010466608e+00  4.829082336431184e+01  0.000000000000000e+00
 1.230751974652114e+01  1.611383814782126e+01  0.000000000000000e+00  0.000000000000000e+00  0.000000000000000e+00  4.989474412318611e+02

 4.482760000000000e-01
 1.416781882530362e+08  9.193286221742753e+06  0.000000000000000e+00  0.000000000000000e+00  0.000000000000000e+00  8.618521916988242e+07
 9.193286221722657e+06  5.497388249078604e+08  0.000000000000000e+00  0.000000000000000e+00  0.000000000000000e+00  3.992403325362357e+07
 0.000000000000000e+00  0.000000000000000e+00  1.451652652092315e+10 -4.270369998400164e+09 -4.902836424825324e+08  0.000000000000000e+00
 0.000000000000000e+00  0.000000000000000e+00 -4.270369998400164e+09  7.827826974223762e+09 -2.748595796190804e+07  0.000000000000000e+00
 0.000000000000000e+00  0.000000000000000e+00 -4.902836424825478e+08 -2.748595796192315e+07  2.422010745741718e+09  0.000000000000000e+00
 8.618521916985302e+07  3.992403325365934e+07  0.000000000000000e+00  0.000000000000000e+00  0.000000000000000e+00  2.409664343744496e+08

 3.415184782420224e+02  0.000000000000000e+00  0.000000000000000e+00  0.000000000000000e+00  0.000000000000000e+00  1.004710608739278e+01
 0.000000000000000e+00  3.415184782420224e+02  0.000000000000000e+00  0.000000000000000e+00  0.000000000000000e+00  1.403349327431902e+01
 0.000000000000000e+00  0.000000000000000e+00  3.415184782420224e+02 -1.004710608739278e+01 -1.403349327431902e+01  0.000000000000000e+00
 0.000000000000000e+00  0.000000000000000e+00 -1.004710608739278e+01  3.602562438392368e+02 -6.665850895119330e+00  0.000000000000000e+00
 0.000000000000000e+00  0.000000000000000e+00 -1.403349327431902e+01 -6.665850895119330e+00  3.900911545412340e+01  0.000000000000000e+00
 1.004710608739278e+01  1.403349327431902e+01  0.000000000000000e+00  0.000000000000000e+00  0.000000000000000e+00  3.992653592933594e+02

 4.827590000000000e-01
 1.226710693438830e+08  6.911076317585380e+06  0.000000000000000e+00  0.000000000000000e+00  0.000000000000000e+00  7.022445624051498e+07
 6.911076317564371e+06  4.956426582390990e+08  0.000000000000000e+00  0.000000000000000e+00  0.000000000000000e+00  3.296498866680877e+07
 0.000000000000000e+00  0.000000000000000e+00  1.388058673727644e+10 -3.887075608960730e+09 -4.179605244082122e+08  0.000000000000000e+00
 0.000000000000000e+00  0.000000000000000e+00 -3.887075608960838e+09  6.512616236569650e+09 -1.720454870834716e+07  0.000000000000000e+00
 0.000000000000000e+00  0.000000000000000e+00 -4.179605244080819e+08 -1.720454870840790e+07  2.024691916886591e+09  0.000000000000000e+00
 7.022445624052341e+07  3.296498866680125e+07  0.000000000000000e+00  0.000000000000000e+00  0.000000000000000e+00  1.848038473533044e+08

 3.096639317445668e+02  0.000000000000000e+00  0.000000000000000e+00  0.000000000000000e+00  0.000000000000000e+00  3.183837889407040e+00
 0.000000000000000e+00  3.096639317445668e+02  0.000000000000000e+00  0.000000000000000e+00  0.000000000000000e+00  1.191146338197581e+01
 0.000000000000000e+00  0.000000000000000e+00  3.096639317445668e+02 -3.183837889407040e+00 -1.191146338197581e+01  0.000000000000000e+00
 0.000000000000000e+00  0.000000000000000e+00 -3.183837889407040e+00  2.876018633264150e+02 -5.377133163508970e+00  0.000000000000000e+00
 0.000000000000000e+00  0.000000000000000e+00 -1.191146338197581e+01 -5.377133163508970e+00  3.133291478187170e+01  0.000000000000000e+00
 3.183837889407040e+00  1.191146338197581e+01  0.000000000000000e+00  0.000000000000000e+00  0.000000000000000e+00  3.189347781082850e+02

 5.172410000000000e-01
 1.051321255094255e+08  4.910646013269745e+06  0.000000000000000e+00  0.000000000000000e+00  0.000000000000000e+00  5.624159763603508e+07
 4.910646013251003e+06  4.402438665520627e+08  0.000000000000000e+00  0.000000000000000e+00  0.000000000000000e+00  2.658200229825357e+07
 0.000000000000000e+00  0.000000000000000e+00  1.296951407950937e+10 -3.414754535553280e+09 -3.450837789634272e+08  0.000000000000000e+00
 0.000000000000000e+00  0.000000000000000e+00 -3.414754535553166e+09  5.316132341287976e+09 -9.504962127158443e+06  0.000000000000000e+00
 0.000000000000000e+00  0.000000000000000e+00 -3.450837789634355e+08 -9.504962127151107e+06  1.638548348814783e+09  0.000000000000000e+00
 5.624159763603260e+07  2.658200229826546e+07  0.000000000000000e+00  0.000000000000000e+00  0.000000000000000e+00  1.384488186877665e+08

 2.759447847354742e+02  0.000000000000000e+00  0.000000000000000e+00  0.000000000000000e+00  0.000000000000000e+00 -3.335852523010978e+00
 0.000000000000000e+00  2.759447847354742e+02  0.000000000000000e+00  0.000000000000000e+00  0.000000000000000e+00  9.895591502333311e+00
 0.000000000000000e+00  0.000000000000000e+00  2.759447847354742e+02  3.335852523010978e+00 -9.895591502333311e+00  0.000000000000000e+00
 0.000000000000000e+00  0.000000000000000e+00  3.335852523010978e+00  2.261884293455934e+02 -4.293354970218252e+00  0.000000000000000e+00
 0.000000000000000e+00  0.000000000000000e+00 -9.895591502333311e+00 -4.293354970218252e+00  2.451502650787263e+01  0.000000000000000e+00
-3.335852523010978e+00  9.895591502333311e+00  0.000000000000000e+00  0.000000000000000e+00  0.000000000000000e+00  2.507034558534665e+02

 5.517240000000000e-01
 8.938253295938675e+07  3.290553156279133e+06  0.000000000000000e+00  0.000000000000000e+00  0.000000000000000e+00  4.453611320580477e+07
 3.290553156313077e+06  3.871656267240640e+08  0.000000000000000e+00  0.000000000000000e+00  0.000000000000000e+00  2.113019646725227e+07
 0.000000000000000e+00  0.000000000000000e+00  1.187208978132873e+10 -2.916904010620028e+09 -2.757634746875991e+08  0.000000000000000e+00
 0.000000000000000e+00  0.000000000000000e+00 -2.916904010620043e+09  4.257306955188024e+09 -4.548621250454147e+06  0.000000000000000e+00
 0.000000000000000e+00  0.000000000000000e+00 -2.757634746876185e+08 -4.548621250458628e+06  1.282111053216813e+09  0.000000000000000e+00
 4.453611320581253e+07  2.113019646726588e+07  0.000000000000000e+00  0.000000000000000e+00  0.000000000000000e+00  1.017961116440275e+08

 2.421359435399549e+02  0.000000000000000e+00  0.000000000000000e+00  0.000000000000000e+00  0.000000000000000e+00 -7.603406090654523e+00
 0.000000000000000e+00  2.421359435399549e+02  0.000000000000000e+00  0.000000000000000e+00  0.000000000000000e+00  8.032952184587710e+00
 0.000000000000000e+00  0.000000000000000e+00  2.421359435399549e+02  7.603406090654523e+00 -8.032952184587710e+00  0.000000000000000e+00
 0.000000000000000e+00  0.000000000000000e+00  7.603406090654523e+00  1.750522865782315e+02 -3.358142470369396e+00  0.000000000000000e+00
 0.000000000000000e+00  0.000000000000000e+00 -8.032952184587710e+00 -3.358142470369396e+00  1.865952782327369e+01  0.000000000000000e+00
-7.603406090654523e+00  8.032952184587710e+00  0.000000000000000e+00  0.000000000000000e+00  0.000000000000000e+00  1.937118144015049e+02

 5.862070000000000e-01
 7.536347014611147e+07  2.060744870014831e+06  0.000000000000000e+00  0.000000000000000e+00  0.000000000000000e+00  3.507363313110239e+07
 2.060744869999629e+06  3.353339289338557e+08  0.000000000000000e+00  0.000000000000000e+00  0.000000000000000e+00  1.662761399542220e+07
 0.000000000000000e+00  0.000000000000000e+00  1.049628797802695e+10 -2.423731342331823e+09 -2.106296985863891e+08  0.000000000000000e+00
 0.000000000000000e+00  0.000000000000000e+00 -2.423731342331732e+09  3.227182791530107e+09 -4.205454148180168e+05  0.000000000000000e+00
 0.000000000000000e+00  0.000000000000000e+00 -2.106296985864079e+08 -4.205454148119706e+05  9.613442673337225e+08  0.000000000000000e+00
 3.507363313111158e+07  1.662761399541965e+07  0.000000000000000e+00  0.000000000000000e+00  0.000000000000000e+00  7.361498236852269e+07

 2.051279216845809e+02  0.000000000000000e+00  0.000000000000000e+00  0.000000000000000e+00  0.000000000000000e+00 -6.296380990612897e+00
 0.000000000000000e+00  2.051279216845809e+02  0.000000000000000e+00  0.000000000000000e+00  0.000000000000000e+00  6.187474339168833e+00
 0.000000000000000e+00  0.000000000000000e+00  2.051279216845809e+02  6.296380990612897e+00 -6.187474339168833e+00  0.000000000000000e+00
 0.000000000000000e+00  0.000000000000000e+00  6.296380990612897e+00  1.288578862149263e+02 -2.381243110498088e+00  0.000000000000000e+00
 0.000000000000000e+00  0.000000000000000e+00 -6.187474339168833e+00 -2.381243110498088e+00  1.368453131945087e+01  0.000000000000000e+00
-6.296380990612897e+00  6.187474339168833e+00  0.000000000000000e+00  0.000000000000000e+00  0.000000000000000e+00  1.425424175343765e+02

 6.206900000000000e-01
 6.372309803703073e+07  1.331594667432583e+06  0.000000000000000e+00  0.000000000000000e+00  0.000000000000000e+00  2.590484512823266e+07
 1.331594667478681e+06  2.777401167459610e+08  0.000000000000000e+00  0.000000000000000e+00  0.000000000000000e+00  1.262142636504352e+07
 0.000000000000000e+00  0.000000000000000e+00  8.835391554117941e+09 -1.879847340179232e+09 -1.555646670608939e+08  0.000000000000000e+00
 0.000000000000000e+00  0.000000000000000e+00 -1.879847340179242e+09  2.317123487059379e+09  4.244940418338781e+05  0.000000000000000e+00
 0.000000000000000e+00  0.000000000000000e+00 -1.555646670608794e+08  4.244940418373585e+05  6.827459248729824e+08  0.000000000000000e+00
 2.590484512823324e+07  1.262142636505618e+07  0.000000000000000e+00  0.000000000000000e+00  0.000000000000000e+00  5.122636048275458e+07

 1.700559121902330e+02  0.000000000000000e+00  0.000000000000000e+00  0.000000000000000e+00  0.000000000000000e+00 -4.692869065337963e+00
 0.000000000000000e+00  1.700559121902330e+02  0.000000000000000e+00  0.000000000000000e+00  0.000000000000000e+00  4.668341210846116e+00
 0.000000000000000e+00  0.000000000000000e+00  1.700559121902330e+02  4.692869065337963e+00 -4.668341210846116e+00  0.000000000000000e+00
 0.000000000000000e+00  0.000000000000000e+00  4.692869065337963e+00  9.131531279331395e+01 -1.638973633250342e+00  0.000000000000000e+00
 0.000000000000000e+00  0.000000000000000e+00 -4.668341210846116e+00 -1.638973633250342e+00  9.652737269868659e+00  0.000000000000000e+00
-4.692869065337963e+00  4.668341210846116e+00  0.000000000000000e+00  0.000000000000000e+00  0.000000000000000e+00  1.009680500631825e+02

 6.551720000000000e-01
 5.411399804427348e+07  8.433844462418637e+05  0.000000000000000e+00  0.000000000000000e+00  0.000000000000000e+00  1.929513006663756e+07
 8.433844462505570e+05  2.315823173203768e+08  0.000000000000000e+00  0.000000000000000e+00  0.000000000000000e+00  9.620434816478856e+06
 0.000000000000000e+00  0.000000000000000e+00  7.341289913808034e+09 -1.422517784171301e+09 -1.180817624002350e+08  0.000000000000000e+00
 0.000000000000000e+00  0.000000000000000e+00 -1.422517784171314e+09  1.630432996891157e+09  1.950030539919791e+06  0.000000000000000e+00
 0.000000000000000e+00  0.000000000000000e+00 -1.180817624002282e+08  1.950030539921491e+06  4.729930030675983e+08  0.000000000000000e+00
 1.929513006663987e+07  9.620434816465251e+06  0.000000000000000e+00  0.000000000000000e+00  0.000000000000000e+00  3.565070954098657e+07

 1.418278926054399e+02  0.000000000000000e+00  0.000000000000000e+00  0.000000000000000e+00  0.000000000000000e+00 -4.772613514318036e+00
 0.000000000000000e+00  1.418278926054399e+02  0.000000000000000e+00  0.000000000000000e+00  0.000000000000000e+00  3.674273701725595e+00
 0.000000000000000e+00  0.000000000000000e+00  1.418278926054399e+02  4.772613514318036e+00 -3.674273701725595e+00  0.000000000000000e+00
 0.000000000000000e+00  0.000000000000000e+00  4.772613514318036e+00  6.474626377404797e+01 -1.176033723349839e+00  0.000000000000000e+00
 0.000000000000000e+00  0.000000000000000e+00 -3.674273701725595e+00 -1.176033723349839e+00  6.705355571846924e+00  0.000000000000000e+00
-4.772613514318036e+00  3.674273701725595e+00  0.000000000000000e+00  0.000000000000000e+00  0.000000000000000e+00  7.145161934589503e+01

 6.896550000000000e-01
 4.622820057220357e+07  5.709241086565872e+05  0.000000000000000e+00  0.000000000000000e+00  0.000000000000000e+00  1.484066960086629e+07
 5.709241086625232e+05  1.913618166390460e+08  0.000000000000000e+00  0.000000000000000e+00  0.000000000000000e+00  7.368999467306372e+06
 0.000000000000000e+00  0.000000000000000e+00  6.065925853262403e+09 -1.052853619072489e+09 -9.703948532777497e+07  0.000000000000000e+00
 0.000000000000000e+00  0.000000000000000e+00 -1.052853619072513e+09  1.137657635259952e+09  4.246234090403776e+06  0.000000000000000e+00
 0.000000000000000e+00  0.000000000000000e+00 -9.703948532777560e+07  4.246234090406756e+06  3.212801591417494e+08  0.000000000000000e+00
 1.484066960086832e+07  7.368999467302260e+06  0.000000000000000e+00  0.000000000000000e+00  0.000000000000000e+00  2.513009313552143e+07

 1.157706753928980e+02  0.000000000000000e+00  0.000000000000000e+00  0.000000000000000e+00  0.000000000000000e+00 -3.442434889098140e+00
 0.000000000000000e+00  1.157706753928980e+02  0.000000000000000e+00  0.000000000000000e+00  0.000000000000000e+00  2.865688370656129e+00
 0.000000000000000e+00  0.000000000000000e+00  1.157706753928980e+02  3.442434889098140e+00 -2.865688370656129e+00  0.000000000000000e+00
 0.000000000000000e+00  0.000000000000000e+00  3.442434889098140e+00  4.468515633339415e+01 -7.589073913443138e-01  0.000000000000000e+00
 0.000000000000000e+00  0.000000000000000e+00 -2.865688370656129e+00 -7.589073913443138e-01  4.547169063080211e+00  0.000000000000000e+00
-3.442434889098140e+00  2.865688370656129e+00  0.000000000000000e+00  0.000000000000000e+00  0.000000000000000e+00  4.923232539647447e+01

 7.241379999999999e-01
 3.971519747316238e+07  3.193803413822615e+05  0.000000000000000e+00  0.000000000000000e+00  0.000000000000000e+00  1.126117370742836e+07
 3.193803413831631e+05  1.597222434790688e+08  0.000000000000000e+00  0.000000000000000e+00  0.000000000000000e+00  5.691986713785965e+06
 0.000000000000000e+00  0.000000000000000e+00  5.000385166477061e+09 -7.670366361863999e+08 -8.072776298479591e+07  0.000000000000000e+00
 0.000000000000000e+00  0.000000000000000e+00 -7.670366361864111e+08  7.822542841154311e+08  5.133018336150748e+06  0.000000000000000e+00
 0.000000000000000e+00  0.000000000000000e+00 -8.072776298481393e+07  5.133018336154091e+06  2.136218538532045e+08  0.000000000000000e+00
 1.126117370742494e+07  5.691986713784958e+06  0.000000000000000e+00  0.000000000000000e+00  0.000000000000000e+00  1.746750200160012e+07

 9.583441492807439e+01  0.000000000000000e+00  0.000000000000000e+00  0.000000000000000e+00  0.000000000000000e+00 -3.396884995001456e+00
 0.000000000000000e+00  9.583441492807439e+01  0.000000000000000e+00  0.000000000000000e+00  0.000000000000000e+00  2.243152923922275e+00
 0.000000000000000e+00  0.000000000000000e+00  9.583441492807439e+01  3.396884995001456e+00 -2.243152923922275e+00  0.000000000000000e+00
 0.000000000000000e+00  0.000000000000000e+00  3.396884995001456e+00  3.094686536835265e+01 -4.917676903818906e-01  0.000000000000000e+00
 0.000000000000000e+00  0.000000000000000e+00 -2.243152923922275e+00 -4.917676903818906e-01  3.036260848767965e+00  0.000000000000000e+00
-3.396884995001456e+00  2.243152923922275e+00  0.000000000000000e+00  0.000000000000000e+00  0.000000000000000e+00  3.398312621712045e+01

 7.586210000000000e-01
 3.387071053519084e+07  2.602679080472252e+05  0.000000000000000e+00  0.000000000000000e+00  0.000000000000000e+00  8.229691968454640e+06
 2.602679080498304e+05  1.339704244302094e+08  0.000000000000000e+00  0.000000000000000e+00  0.000000000000000e+00  4.771949992331394e+06
 0.000000000000000e+00  0.000000000000000e+00  4.113570250417758e+09 -5.416955783740591e+08 -7.471546073766254e+07  0.000000000000000e+00
 0.000000000000000e+00  0.000000000000000e+00 -5.416955783740523e+08  5.322412554137944e+08  5.825343278596839e+06  0.000000000000000e+00
 0.000000000000000e+00  0.000000000000000e+00 -7.471546073767075e+07  5.825343278594477e+06  1.374146289252350e+08  0.000000000000000e+00
 8.229691968455894e+06  4.771949992340396e+06  0.000000000000000e+00  0.000000000000000e+00  0.000000000000000e+00  1.189944170693352e+07

 7.978490141074315e+01  0.000000000000000e+00  0.000000000000000e+00  0.000000000000000e+00  0.000000000000000e+00 -3.709143628009340e+00
 0.000000000000000e+00  7.978490141074315e+01  0.000000000000000e+00  0.000000000000000e+00  0.000000000000000e+00  1.937213211739421e+00
 0.000000000000000e+00  0.000000000000000e+00  7.978490141074315e+01  3.709143628009340e+00 -1.937213211739421e+00  0.000000000000000e+00
 0.000000000000000e+00  0.000000000000000e+00  3.709143628009340e+00  2.142680800367355e+01 -3.421441677264359e-01  0.000000000000000e+00
 0.000000000000000e+00  0.000000000000000e+00 -1.937213211739421e+00 -3.421441677264359e-01  1.977645594447372e+00  0.000000000000000e+00
-3.709143628009340e+00  1.937213211739421e+00  0.000000000000000e+00  0.000000000000000e+00  0.000000000000000e+00  2.340445359812091e+01

 7.931030000000000e-01
 2.852204230349773e+07  3.157480715305670e+05  0.000000000000000e+00  0.000000000000000e+00  0.000000000000000e+00  5.770785268708482e+06
 3.157480715273021e+05  1.132068183998057e+08  0.000000000000000e+00  0.000000000000000e+00  0.000000000000000e+00  4.110325914200348e+06
 0.000000000000000e+00  0.000000000000000e+00  3.367921894056139e+09 -3.693059300622239e+08 -6.895530082004833e+07  0.000000000000000e+00
 0.000000000000000e+00  0.000000000000000e+00 -3.693059300622057e+08  3.544872904674355e+08  5.311856920954411e+06  0.000000000000000e+00
