------- BEAMDYN V1.00.* INDIVIDUAL BLADE INPUT FILE --------------------------
Generated with AeroElasticSE FAST driver
---------------------- BLADE PARAMETERS --------------------------------------
30                     station_total - Number of blade input stations (-)
1                      damp_type   - Damping type: 0: no damping; 1: damped
---------------------- DAMPING COEFFICIENT------------------------------------
    mu1         mu2         mu3         mu4         mu5         mu6    
    (-)         (-)         (-)         (-)         (-)         (-)    
 0.002576    0.001747    0.001747    0.001747    0.002576    0.001747  
---------------------- DISTRIBUTED PROPERTIES---------------------------------
 0.000000000000000e+00
 4.703856799441132e+09 -5.914760418730310e+03  0.000000000000000e+00  0.000000000000000e+00  0.000000000000000e+00  4.398396034186750e+03
-5.914760250368695e+03  4.703858866993670e+09  0.000000000000000e+00  0.000000000000000e+00  0.000000000000000e+00 -9.822863797712776e+03
 0.000000000000000e+00  0.000000000000000e+00  3.214313991292872e+10 -3.014483163146200e+04  6.711619820222131e+04  0.000000000000000e+00
 0.000000000000000e+00  0.000000000000000e+00 -3.014483110027816e+04  7.838103565130946e+10  9.861670217822163e+04  0.000000000000000e+00
 0.000000000000000e+00  0.000000000000000e+00  6.711619824013374e+04  9.861670251806050e+04  7.838100065917345e+10  0.000000000000000e+00
 4.398396033042902e+03 -9.822863797496408e+03  0.000000000000000e+00  0.000000000000000e+00  0.000000000000000e+00  4.585126165848674e+10

 2.224319725435935e+03  0.000000000000000e+00  0.000000000000000e+00  0.000000000000000e+00  0.000000000000000e+00  2.085871133523029e-03
 0.000000000000000e+00  2.224319725435935e+03  0.000000000000000e+00  0.000000000000000e+00  0.000000000000000e+00 -4.644439862798103e-03
 0.000000000000000e+00  0.000000000000000e+00  2.224319725435935e+03 -2.085871133523029e-03  4.644439862798103e-03  0.000000000000000e+00
 0.000000000000000e+00  0.000000000000000e+00 -2.085871133523029e-03  5.425263156205796e+03  6.825115660311710e-03  0.000000000000000e+00
 0.000000000000000e+00  0.000000000000000e+00  4.644439862798103e-03  6.825115660311710e-03  5.425260736732184e+03  0.000000000000000e+00
 2.085871133523029e-03 -4.644439862798103e-03  0.000000000000000e+00  0.000000000000000e+00  0.000000000000000e+00  1.085052389293798e+04

 3.448300000000000e-02
 3.560592796565644e+09 -2.767338139035416e+07  0.000000000000000e+00  0.000000000000000e+00  0.000000000000000e+00  6.299660432679143e+07
-2.767338139107415e+07  3.889256811886498e+09  0.000000000000000e+00  0.000000000000000e+00  0.000000000000000e+00  3.167365211366275e+06
 0.000000000000000e+00  0.000000000000000e+00  2.804687931046157e+10 -5.701019570650655e+08  4.257613364368891e+08  0.000000000000000e+00
 0.000000000000000e+00  0.000000000000000e+00 -5.701019570652884e+08  6.255818438865628e+10 -3.703284659454361e+09  0.000000000000000e+00
 0.000000000000000e+00  0.000000000000000e+00  4.257613364365617e+08 -3.703284659454563e+09  6.780527583076334e+10  0.000000000000000e+00
 6.299660432678282e+07  3.167365211386818e+06  0.000000000000000e+00  0.000000000000000e+00  0.000000000000000e+00  3.478525051092945e+10

 1.783019053305343e+03  0.000000000000000e+00  0.000000000000000e+00  0.000000000000000e+00  0.000000000000000e+00  2.690103226681729e+01
 0.000000000000000e+00  1.783019053305343e+03  0.000000000000000e+00  0.000000000000000e+00  0.000000000000000e+00  8.850230405530147e-01
 0.000000000000000e+00  0.000000000000000e+00  1.783019053305343e+03 -2.690103226681729e+01 -8.850230405530147e-01  0.000000000000000e+00
 0.000000000000000e+00  0.000000000000000e+00 -2.690103226681729e+01  4.253306849945816e+03 -3.820761837995236e+01  0.000000000000000e+00
 0.000000000000000e+00  0.000000000000000e+00 -8.850230405530147e-01 -3.820761837995236e+01  4.061692794713821e+03  0.000000000000000e+00
 2.690103226681729e+01  8.850230405530147e-01  0.000000000000000e+00  0.000000000000000e+00  0.000000000000000e+00  8.314999644659611e+03

 6.896600000000000e-02
 2.436486381858683e+09 -3.256715412349983e+07  0.000000000000000e+00  0.000000000000000e+00  0.000000000000000e+00  3.717843039729375e+07
-3.256715412377259e+07  3.221147342876214e+09  0.000000000000000e+00  0.000000000000000e+00  0.000000000000000e+00  4.996684227492679e+07
 0.000000000000000e+00  0.000000000000000e+00  2.443256795199124e+10  1.780861384180035e+09 -1.907035654227373e+08  0.000000000000000e+00
 0.000000000000000e+00  0.000000000000000e+00  1.780861384179676e+09  5.236887665239141e+10 -4.600618484946734e+09  0.000000000000000e+00
 0.000000000000000e+00  0.000000000000000e+00 -1.907035654226495e+08 -4.600618484946473e+09  4.840651526156507e+10  0.000000000000000e+00
 3.717843039728407e+07  4.996684227488691e+07  0.000000000000000e+00  0.000000000000000e+00  0.000000000000000e+00  2.331488979255086e+10

 1.439889893724810e+03  0.000000000000000e+00  0.000000000000000e+00  0.000000000000000e+00  0.000000000000000e+00 -6.863720816361108e+01
 0.000000000000000e+00  1.439889893724810e+03  0.000000000000000e+00  0.000000000000000e+00  0.000000000000000e+00  5.927296257929396e+00
 0.000000000000000e+00  0.000000000000000e+00  1.439889893724810e+03  6.863720816361108e+01 -5.927296257929396e+00  0.000000000000000e+00
 0.000000000000000e+00  0.000000000000000e+00  6.863720816361108e+01  3.434040305377403e+03 -4.771380715449640e+01  0.000000000000000e+00
 0.000000000000000e+00  0.000000000000000e+00 -5.927296257929396e+00 -4.771380715449640e+01  2.594387606783608e+03  0.000000000000000e+00
-6.863720816361108e+01  5.927296257929396e+00  0.000000000000000e+00  0.000000000000000e+00  0.000000000000000e+00  6.028427912161015e+03

 1.034480000000000e-01
 1.979138549460094e+09  1.268249452311736e+08  0.000000000000000e+00  0.000000000000000e+00  0.000000000000000e+00  4.892273727218891e+08
 1.268249452306594e+08  2.648580080606693e+09  0.000000000000000e+00  0.000000000000000e+00  0.000000000000000e+00  1.989439237330049e+08
 0.000000000000000e+00  0.000000000000000e+00  2.182949425594664e+10 -2.065874398537771e+09 -1.541085180910238e+09  0.000000000000000e+00
 0.000000000000000e+00  0.000000000000000e+00 -2.065874398537991e+09  4.524922858890882e+10 -3.715185790386210e+09  0.000000000000000e+00
 0.000000000000000e+00  0.000000000000000e+00 -1.541085180909941e+09 -3.715185790386180e+09  3.579324952326748e+10  0.000000000000000e+00
 4.892273727218691e+08  1.989439237331192e+08  0.000000000000000e+00  0.000000000000000e+00  0.000000000000000e+00  1.548175051980859e+10

 1.263875912390658e+03  0.000000000000000e+00  0.000000000000000e+00  0.000000000000000e+00  0.000000000000000e+00  2.452987765742181e+01
 0.000000000000000e+00  1.263875912390658e+03  0.000000000000000e+00  0.000000000000000e+00  0.000000000000000e+00  3.413006358497196e+01
 0.000000000000000e+00  0.000000000000000e+00  1.263875912390658e+03 -2.452987765742181e+01 -3.413006358497196e+01  0.000000000000000e+00
 0.000000000000000e+00  0.000000000000000e+00 -2.452987765742181e+01  2.825824274290619e+03 -6.639078619143532e+01  0.000000000000000e+00
 0.000000000000000e+00  0.000000000000000e+00 -3.413006358497196e+01 -6.639078619143532e+01  1.753753488613539e+03  0.000000000000000e+00
 2.452987765742181e+01  3.413006358497196e+01  0.000000000000000e+00  0.000000000000000e+00  0.000000000000000e+00  4.579577762904160e+03

 1.379310000000000e-01
 1.286823981216094e+09  1.075503146504470e+08  0.000000000000000e+00  0.000000000000000e+00  0.000000000000000e+00  5.416024696098950e+08
 1.075503146504658e+08  2.074448095669588e+09  0.000000000000000e+00  0.000000000000000e+00  0.000000000000000e+00  1.729347153753208e+08
 0.000000000000000e+00  0.000000000000000e+00  1.931920857051400e+10 -2.911851705910253e+09 -1.423214001526226e+09  0.000000000000000e+00
 0.000000000000000e+00  0.000000000000000e+00 -2.911851705910317e+09  3.586861391269275e+10 -2.962641742365874e+09  0.000000000000000e+00
 0.000000000000000e+00  0.000000000000000e+00 -1.423214001526232e+09 -2.962641742365885e+09  2.524115938039553e+10  0.000000000000000e+00
 5.416024696097867e+08  1.729347153753488e+08  0.000000000000000e+00  0.000000000000000e+00  0.000000000000000e+00  9.016150977738878e+09

 9.896987530448741e+02  0.000000000000000e+00  0.000000000000000e+00  0.000000000000000e+00  0.000000000000000e+00  1.732850617630825e+01
 0.000000000000000e+00  9.896987530448741e+02  0.000000000000000e+00  0.000000000000000e+00  0.000000000000000e+00  2.389126651838433e+01
 0.000000000000000e+00  0.000000000000000e+00  9.896987530448741e+02 -1.732850617630825e+01 -2.389126651838433e+01  0.000000000000000e+00
 0.000000000000000e+00  0.000000000000000e+00 -1.732850617630825e+01  2.132374953809941e+03 -5.435433132502340e+01  0.000000000000000e+00
 0.000000000000000e+00  0.000000000000000e+00 -2.389126651838433e+01 -5.435433132502340e+01  1.010709378299100e+03  0.000000000000000e+00
 1.732850617630825e+01  2.389126651838433e+01  0.000000000000000e+00  0.000000000000000e+00  0.000000000000000e+00  3.143084332109048e+03

 1.724140000000000e-01
 8.380922327529844e+08  8.584999051657106e+07  0.000000000000000e+00  0.000000000000000e+00  0.000000000000000e+00  5.337532444849051e+08
 8.584999051660377e+07  1.649440635428299e+09  0.000000000000000e+00  0.000000000000000e+00  0.000000000000000e+00  1.409056334745993e+08
 0.000000000000000e+00  0.000000000000000e+00  1.794170849537836e+10 -3.782652662049044e+09 -1.198660014618662e+09  0.000000000000000e+00
 0.000000000000000e+00  0.000000000000000e+00 -3.782652662048870e+09  2.975429497819162e+10 -1.946185161727150e+09  0.000000000000000e+00
 0.000000000000000e+00  0.000000000000000e+00 -1.198660014618745e+09 -1.946185161727089e+09  1.752257703390020e+10  0.000000000000000e+00
 5.337532444849225e+08  1.409056334745366e+08  0.000000000000000e+00  0.000000000000000e+00  0.000000000000000e+00  5.029005212042043e+09

 8.098354077240276e+02  0.000000000000000e+00  0.000000000000000e+00  0.000000000000000e+00  0.000000000000000e+00  1.465181237855489e+01
 0.000000000000000e+00  8.098354077240276e+02  0.000000000000000e+00  0.000000000000000e+00  0.000000000000000e+00  2.048303338330339e+01
 0.000000000000000e+00  0.000000000000000e+00  8.098354077240276e+02 -1.465181237855489e+01 -2.048303338330339e+01  0.000000000000000e+00
 0.000000000000000e+00  0.000000000000000e+00 -1.465181237855489e+01  1.676027561380386e+03 -4.366762966107879e+01  0.000000000000000e+00
 0.000000000000000e+00  0.000000000000000e+00 -2.048303338330339e+01 -4.366762966107879e+01  5.716426549389371e+02  0.000000000000000e+00
 1.465181237855489e+01  2.048303338330339e+01  0.000000000000000e+00  0.000000000000000e+00  0.000000000000000e+00  2.247670216319328e+03

 2.068970000000000e-01
 6.178332053926206e+08  5.992025705803038e+07  0.000000000000000e+00  0.000000000000000e+00  0.000000000000000e+00  4.455887719967578e+08
 5.992025705780923e+07  1.302130425928902e+09  0.000000000000000e+00  0.000000000000000e+00  0.000000000000000e+00  1.096191124253467e+08
 0.000000000000000e+00  0.000000000000000e+00  1.720712071286794e+10 -3.943661454359342e+09 -1.076823435689359e+09  0.000000000000000e+00
 0.000000000000000e+00  0.000000000000000e+00 -3.943661454358749e+09  2.613576519517706e+10 -1.170888365131840e+09  0.000000000000000e+00
 0.000000000000000e+00  0.000000000000000e+00 -1.076823435689399e+09 -1.170888365131412e+09  1.407089719579675e+10  0.000000000000000e+00
 4.455887719967962e+08  1.096191124254407e+08  0.000000000000000e+00  0.000000000000000e+00  0.000000000000000e+00  3.241687989502974e+09

 6.929765073655614e+02  0.000000000000000e+00  0.000000000000000e+00  0.000000000000000e+00  0.000000000000000e+00 -5.810538907311884e+00
 0.000000000000000e+00  6.929765073655614e+02  0.000000000000000e+00  0.000000000000000e+00  0.000000000000000e+00  1.922272063067396e+01
 0.000000000000000e+00  0.000000000000000e+00  6.929765073655614e+02  5.810538907311884e+00 -1.922272063067396e+01  0.000000000000000e+00
 0.000000000000000e+00  0.000000000000000e+00  5.810538907311884e+00  1.403823967121963e+03 -3.323840168570038e+01  0.000000000000000e+00
 0.000000000000000e+00  0.000000000000000e+00 -1.922272063067396e+01 -3.323840168570038e+01  3.881647942859294e+02  0.000000000000000e+00
-5.810538907311884e+00  1.922272063067396e+01  0.000000000000000e+00  0.000000000000000e+00  0.000000000000000e+00  1.791988761407896e+03

 2.413790000000000e-01
 4.774158374263007e+08  3.683989442558594e+07  0.000000000000000e+00  0.000000000000000e+00  0.000000000000000e+00  3.593774262109699e+08
 3.683989442544653e+07  1.031030125438444e+09  0.000000000000000e+00  0.000000000000000e+00  0.000000000000000e+00  8.346191728738467e+07
 0.000000000000000e+00  0.000000000000000e+00  1.667026576299945e+10 -3.844394029118256e+09 -9.713347537482438e+08  0.000000000000000e+00
 0.000000000000000e+00  0.000000000000000e+00 -3.844394029118230e+09  2.352403285607496e+10 -5.420447776117942e+08  0.000000000000000e+00
 0.000000000000000e+00  0.000000000000000e+00 -9.713347537480371e+08 -5.420447776116668e+08  1.159026226181216e+10  0.000000000000000e+00
 3.593774262109390e+08  8.346191728752434e+07  0.000000000000000e+00  0.000000000000000e+00  0.000000000000000e+00  2.179907295345945e+09

 6.077971531463897e+02  0.000000000000000e+00  0.000000000000000e+00  0.000000000000000e+00  0.000000000000000e+00 -2.729671323798225e+01
 0.000000000000000e+00  6.077971531463897e+02  0.000000000000000e+00  0.000000000000000e+00  0.000000000000000e+00  1.872463010848050e+01
 0.000000000000000e+00  0.000000000000000e+00  6.077971531463897e+02  2.729671323798225e+01 -1.872463010848050e+01  0.000000000000000e+00
 0.000000000000000e+00  0.000000000000000e+00  2.729671323798225e+01  1.216924472316316e+03 -2.449349985574717e+01  0.000000000000000e+00
 0.000000000000000e+00  0.000000000000000e+00 -1.872463010848050e+01 -2.449349985574717e+01  2.789665344825782e+02  0.000000000000000e+00
-2.729671323798225e+01  1.872463010848050e+01  0.000000000000000e+00  0.000000000000000e+00  0.000000000000000e+00  1.495891006798890e+03

 2.758620000000000e-01
 3.721697439454222e+08  2.138376974634464e+07  0.000000000000000e+00  0.000000000000000e+00  0.000000000000000e+00  2.879210561615891e+08
 2.138376974639650e+07  8.240804078106591e+08  0.000000000000000e+00  0.000000000000000e+00  0.000000000000000e+00  6.690212856156149e+07
 0.000000000000000e+00  0.000000000000000e+00  1.615516594923978e+10 -3.291202019865519e+09 -8.206870825984977e+08  0.000000000000000e+00
 0.000000000000000e+00  0.000000000000000e+00 -3.291202019865684e+09  2.202247056057126e+10 -2.568955582627576e+08  0.000000000000000e+00
 0.000000000000000e+00  0.000000000000000e+00 -8.206870825985305e+08 -2.568955582627038e+08  9.150586160053354e+09  0.000000000000000e+00
 2.879210561615570e+08  6.690212856159628e+07  0.000000000000000e+00  0.000000000000000e+00  0.000000000000000e+00  1.457355424037918e+09

 5.451990087964092e+02  0.000000000000000e+00  0.000000000000000e+00  0.000000000000000e+00  0.000000000000000e+00 -5.507044292641618e+01
 0.000000000000000e+00  5.451990087964092e+02  0.000000000000000e+00  0.000000000000000e+00  0.000000000000000e+00  1.788046113267941e+01
 0.000000000000000e+00  0.000000000000000e+00  5.451990087964092e+02  5.507044292641618e+01 -1.788046113267941e+01  0.000000000000000e+00
 0.000000000000000e+00  0.000000000000000e+00  5.507044292641618e+01  1.101782189993144e+03 -2.116061357617225e+01  0.000000000000000e+00
 0.000000000000000e+00  0.000000000000000e+00 -1.788046113267941e+01 -2.116061357617225e+01  1.986591649753388e+02  0.000000000000000e+00
-5.507044292641618e+01  1.788046113267941e+01  0.000000000000000e+00  0.000000000000000e+00  0.000000000000000e+00  1.300441354968479e+03

 3.103450000000000e-01
 3.089120948221678e+08  1.664771459323380e+07  0.000000000000000e+00  0.000000000000000e+00  0.000000000000000e+00  2.371552676016060e+08
 1.664771459328634e+07  6.785036713985108e+08  0.000000000000000e+00  0.000000000000000e+00  0.000000000000000e+00  5.563755952773359e+07
 0.000000000000000e+00  0.000000000000000e+00  1.542912505652915e+10 -3.020223016976496e+09 -6.560051481357410e+08  0.000000000000000e+00
 0.000000000000000e+00  0.000000000000000e+00 -3.020223016976763e+09  1.984856338546098e+10 -2.449826449680990e+08  0.000000000000000e+00
 0.000000000000000e+00  0.000000000000000e+00 -6.560051481357430e+08 -2.449826449681029e+08  7.482821047639382e+09  0.000000000000000e+00
 2.371552676016289e+08  5.563755952768125e+07  0.000000000000000e+00  0.000000000000000e+00  0.000000000000000e+00  1.053951121262829e+09

 4.925927096989696e+02  0.000000000000000e+00  0.000000000000000e+00  0.000000000000000e+00  0.000000000000000e+00 -6.091174671997788e+01
 0.000000000000000e+00  4.925927096989696e+02  0.000000000000000e+00  0.000000000000000e+00  0.000000000000000e+00  1.598431291359366e+01
 0.000000000000000e+00  0.000000000000000e+00  4.925927096989696e+02  6.091174671997788e+01 -1.598431291359366e+01  0.000000000000000e+00
 0.000000000000000e+00  0.000000000000000e+00  6.091174671997788e+01  9.824217760147056e+02 -2.030451220270817e+01  0.000000000000000e+00
 0.000000000000000e+00  0.000000000000000e+00 -1.598431291359366e+01 -2.030451220270817e+01  1.516367941690935e+02  0.000000000000000e+00
-6.091174671997788e+01  1.598431291359366e+01  0.000000000000000e+00  0.000000000000000e+00  0.000000000000000e+00  1.134058570183793e+03

 3.448280000000000e-01
 2.807536123146268e+08  1.266750292046391e+07  0.000000000000000e+00  0.000000000000000e+00  0.000000000000000e+00  2.058166947482907e+08
 1.266750292031267e+07  5.946568637089032e+08  0.000000000000000e+00  0.000000000000000e+00  0.000000000000000e+00  4.826315495880782e+07
 0.000000000000000e+00  0.000000000000000e+00  1.499916461517254e+10 -2.145234515432768e+09 -5.026845301771381e+08  0.000000000000000e+00
 0.000000000000000e+00  0.000000000000000e+00 -2.145234515432471e+09  1.965317882031868e+10 -2.818408035718974e+08  0.000000000000000e+00
 0.000000000000000e+00  0.000000000000000e+00 -5.026845301772553e+08 -2.818408035717565e+08  6.744392283987213e+09  0.000000000000000e+00
 2.058166947483040e+08  4.826315495890983e+07  0.000000000000000e+00  0.000000000000000e+00  0.000000000000000e+00  8.810715338905191e+08

 4.699417656362053e+02  0.000000000000000e+00  0.000000000000000e+00  0.000000000000000e+00  0.000000000000000e+00 -8.828544479428679e+01
 0.000000000000000e+00  4.699417656362053e+02  0.000000000000000e+00  0.000000000000000e+00  0.000000000000000e+00  1.330251198126457e+01
 0.000000000000000e+00  0.000000000000000e+00  4.699417656362053e+02  8.828544479428679e+01 -1.330251198126457e+01  0.000000000000000e+00
 0.000000000000000e+00  0.000000000000000e+00  8.828544479428679e+01  9.688557819349455e+02 -2.030690471396387e+01  0.000000000000000e+00
 0.000000000000000e+00  0.000000000000000e+00 -1.330251198126457e+01 -2.030690471396387e+01  1.327157250582606e+02  0.000000000000000e+00
-8.828544479428679e+01  1.330251198126457e+01  0.000000000000000e+00  0.000000000000000e+00  0.000000000000000e+00  1.101571506993209e+03

 3.793100000000000e-01
 2.578976467369502e+08  1.181883814305291e+07  0.000000000000000e+00  0.000000000000000e+00  0.000000000000000e+00  1.815231174352305e+08
 1.181883814294378e+07  5.493742681474421e+08  0.000000000000000e+00  0.000000000000000e+00  0.000000000000000e+00  4.098069954776049e+07
 0.000000000000000e+00  0.000000000000000e+00  1.407402509292936e+10 -2.186217396007600e+09 -3.590683708173867e+08  0.000000000000000e+00
 0.000000000000000e+00  0.000000000000000e+00 -2.186217396007112e+09  1.696311490658721e+10 -2.868155731975889e+08  0.000000000000000e+00
 0.000000000000000e+00  0.000000000000000e+00 -3.590683708174328e+08 -2.868155731976755e+08  5.902626105894951e+09  0.000000000000000e+00
 1.815231174351184e+08  4.098069954784343e+07  0.000000000000000e+00  0.000000000000000e+00  0.000000000000000e+00  7.503726499327681e+08

 4.346493435021793e+02  0.000000000000000e+00  0.000000000000000e+00  0.000000000000000e+00  0.000000000000000e+00 -7.313194219623747e+01
 0.000000000000000e+00  4.346493435021793e+02  0.000000000000000e+00  0.000000000000000e+00  0.000000000000000e+00  1.060715657657572e+01
 0.000000000000000e+00  0.000000000000000e+00  4.346493435021793e+02  7.313194219623747e+01 -1.060715657657572e+01  0.000000000000000e+00
 0.000000000000000e+00  0.000000000000000e+00  7.313194219623747e+01  8.470998253452310e+02 -1.904632239477266e+01  0.000000000000000e+00
 0.000000000000000e+00  0.000000000000000e+00 -1.060715657657572e+01 -1.904632239477266e+01  1.148197627930281e+02  0.000000000000000e+00
-7.313194219623747e+01  1.060715657657572e+01  0.000000000000000e+00  0.000000000000000e+00  0.000000000000000e+00  9.619195881382594e+02

 4.137930000000000e-01
 2.382970759856408e+08  1.020396023491980e+07  0.000000000000000e+00  0.000000000000000e+00  0.000000000000000e+00  1.605431180555842e+08
 1.020396023493244e+07  5.328214225059580e+08  0.000000000000000e+00  0.000000000000000e+00  0.000000000000000e+00  3.652730805618971e+07
 0.000000000000000e+00  0.000000000000000e+00  1.338411466237333e+10 -1.617636947060257e+09 -2.385678871228286e+08  0.000000000000000e+00
 0.000000000000000e+00  0.000000000000000e+00 -1.617636947059641e+09  1.580784956693948e+10 -3.013472427266967e+08  0.000000000000000e+00
 0.000000000000000e+00  0.000000000000000e+00 -2.385678871227404e+08 -3.013472427268076e+08  5.102040144840669e+09  0.000000000000000e+00
 1.605431180555497e+08  3.652730805603573e+07  0.000000000000000e+00  0.000000000000000e+00  0.000000000000000e+00  6.553403485994892e+08

 4.153856380898656e+02  0.000000000000000e+00  0.000000000000000e+00  0.000000000000000e+00  0.000000000000000e+00 -8.321469441833482e+01
 0.000000000000000e+00  4.153856380898656e+02  0.000000000000000e+00  0.000000000000000e+00  0.000000000000000e+00  8.735904605934309e+00
 0.000000000000000e+00  0.000000000000000e+00  4.153856380898656e+02  8.321469441833482e+01 -8.735904605934309e+00  0.000000000000000e+00
 0.000000000000000e+00  0.000000000000000e+00  8.321469441833482e+01  7.988417771106556e+02 -1.878122219631796e+01  0.000000000000000e+00
 0.000000000000000e+00  0.000000000000000e+00 -8.735904605934309e+00 -1.878122219631796e+01  9.965896245653909e+01  0.000000000000000e+00
-8.321469441833482e+01  8.735904605934309e+00  0.000000000000000e+00  0.000000000000000e+00  0.000000000000000e+00  8.985007395671918e+02

 4.482760000000000e-01
 2.170896979847087e+08  8.139091394931855e+06  0.000000000000000e+00  0.000000000000000e+00  0.000000000000000e+00  1.369763913336044e+08
 8.139091394937904e+06  5.157220936320699e+08  0.000000000000000e+00  0.000000000000000e+00  0.000000000000000e+00  3.252195627464689e+07
 0.000000000000000e+00  0.000000000000000e+00  1.274112738884504e+10 -6.234836134134861e+08 -1.592042209557554e+08  0.000000000000000e+00
 0.000000000000000e+00  0.000000000000000e+00 -6.234836134133865e+08  1.518501799239690e+10 -2.935426319374473e+08  0.000000000000000e+00
 0.000000000000000e+00  0.000000000000000e+00 -1.592042209558297e+08 -2.935426319374877e+08  4.215234400655937e+09  0.000000000000000e+00
 1.369763913335778e+08  3.252195627461948e+07  0.000000000000000e+00  0.000000000000000e+00  0.000000000000000e+00  5.428774776128609e+08

 3.985725608118050e+02  0.000000000000000e+00  0.000000000000000e+00  0.000000000000000e+00  0.000000000000000e+00 -1.180092727370507e+02
 0.000000000000000e+00  3.985725608118050e+02  0.000000000000000e+00  0.000000000000000e+00  0.000000000000000e+00  7.322426503979901e+00
 0.000000000000000e+00  0.000000000000000e+00  3.985725608118050e+02  1.180092727370507e+02 -7.322426503979901e+00  0.000000000000000e+00
 0.000000000000000e+00  0.000000000000000e+00  1.180092727370507e+02  7.671244494854703e+02 -1.796502138004863e+01  0.000000000000000e+00
 0.000000000000000e+00  0.000000000000000e+00 -7.322426503979901e+00 -1.796502138004863e+01  8.210224189867475e+01  0.000000000000000e+00
-1.180092727370507e+02  7.322426503979901e+00  0.000000000000000e+00  0.000000000000000e+00  0.000000000000000e+00  8.492266913841473e+02

 4.827590000000000e-01
 1.939365521187702e+08  5.593789373111689e+06  0.000000000000000e+00  0.000000000000000e+00  0.000000000000000e+00  1.145614015402692e+08
 5.593789373188661e+06  5.046717426362357e+08  0.000000000000000e+00  0.000000000000000e+00  0.000000000000000e+00  2.839020964427565e+07
 0.000000000000000e+00  0.000000000000000e+00  1.195562524908638e+10 -3.031476206665072e+08 -1.285619722412419e+08  0.000000000000000e+00
 0.000000000000000e+00  0.000000000000000e+00 -3.031476206666191e+08  1.330330447040103e+10 -2.297951188268563e+08  0.000000000000000e+00
 0.000000000000000e+00  0.000000000000000e+00 -1.285619722412153e+08 -2.297951188268138e+08  3.401002090759776e+09  0.000000000000000e+00
 1.145614015403075e+08  2.839020964419052e+07  0.000000000000000e+00  0.000000000000000e+00  0.000000000000000e+00  4.451512583836506e+08

 3.736974785691075e+02  0.000000000000000e+00  0.000000000000000e+00  0.000000000000000e+00  0.000000000000000e+00 -1.177628495328904e+02
 0.000000000000000e+00  3.736974785691075e+02  0.000000000000000e+00  0.000000000000000e+00  0.000000000000000e+00  6.433024965782636e+00
 0.000000000000000e+00  0.000000000000000e+00  3.736974785691075e+02  1.177628495328904e+02 -6.433024965782636e+00  0.000000000000000e+00
 0.000000000000000e+00  0.000000000000000e+00  1.177628495328904e+02  6.755419903550177e+02 -1.567818842269834e+01  0.000000000000000e+00
 0.000000000000000e+00  0.000000000000000e+00 -6.433024965782636e+00 -1.567818842269834e+01  6.625340076374637e+01  0.000000000000000e+00
-1.177628495328904e+02  6.433024965782636e+00  0.000000000000000e+00  0.000000000000000e+00  0.000000000000000e+00  7.417953911187651e+02

 5.172410000000000e-01
 1.715151845505262e+08  5.115454888332641e+06  0.000000000000000e+00  0.000000000000000e+00  0.000000000000000e+00  9.369547123391099e+07
 5.115454888257354e+06  4.837176772759538e+08  0.000000000000000e+00  0.000000000000000e+00  0.000000000000000e+00  2.500880312545098e+07
 0.000000000000000e+00  0.000000000000000e+00  1.105177960759568e+10 -3.356779042810261e+08 -1.588648305269036e+08  0.000000000000000e+00
 0.000000000000000e+00  0.000000000000000e+00 -3.356779042808050e+08  1.077394997022942e+10 -1.669817364774767e+08  0.000000000000000e+00
 0.000000000000000e+00  0.000000000000000e+00 -1.588648305270050e+08 -1.669817364774373e+08  2.701210199906590e+09  0.000000000000000e+00
 9.369547123390900e+07  2.500880312549328e+07  0.000000000000000e+00  0.000000000000000e+00  0.000000000000000e+00  3.530070797995679e+08

 3.392030286450146e+02  0.000000000000000e+00  0.000000000000000e+00  0.000000000000000e+00  0.000000000000000e+00 -1.000842100634718e+02
 0.000000000000000e+00  3.392030286450146e+02  0.000000000000000e+00  0.000000000000000e+00  0.000000000000000e+00  6.543107478175596e+00
 0.000000000000000e+00  0.000000000000000e+00  3.392030286450146e+02  1.000842100634718e+02 -6.543107478175596e+00  0.000000000000000e+00
 0.000000000000000e+00  0.000000000000000e+00  1.000842100634718e+02  5.397195071538961e+02 -1.241252582352994e+01  0.000000000000000e+00
 0.000000000000000e+00  0.000000000000000e+00 -6.543107478175596e+00 -1.241252582352994e+01  5.215907217107244e+01  0.000000000000000e+00
-1.000842100634718e+02  6.543107478175596e+00  0.000000000000000e+00  0.000000000000000e+00  0.000000000000000e+00  5.918785793249688e+02

 5.517240000000000e-01
 1.495955160394846e+08  5.429409121706695e+06  0.000000000000000e+00  0.000000000000000e+00  0.000000000000000e+00  7.608325419552556e+07
 5.429409121598549e+06  4.530061826536135e+08  0.000000000000000e+00  0.000000000000000e+00  0.000000000000000e+00  2.098421317884838e+07
 0.000000000000000e+00  0.000000000000000e+00  1.011734648968239e+10 -4.647600046448156e+08 -1.925580232364733e+08  0.000000000000000e+00
 0.000000000000000e+00  0.000000000000000e+00 -4.647600046437952e+08  8.307572177495385e+09 -1.082433970757586e+08  0.000000000000000e+00
 0.000000000000000e+00  0.000000000000000e+00 -1.925580232366218e+08 -1.082433970758754e+08  2.109027235857574e+09  0.000000000000000e+00
 7.608325419555952e+07  2.098421317874667e+07  0.000000000000000e+00  0.000000000000000e+00  0.000000000000000e+00  2.735386390278077e+08

 3.033423286185914e+02  0.000000000000000e+00  0.000000000000000e+00  0.000000000000000e+00  0.000000000000000e+00 -8.006658209052058e+01
 0.000000000000000e+00  3.033423286185914e+02  0.000000000000000e+00  0.000000000000000e+00  0.000000000000000e+00  6.609608241724900e+00
 0.000000000000000e+00  0.000000000000000e+00  3.033423286185914e+02  8.006658209052058e+01 -6.609608241724900e+00  0.000000000000000e+00
 0.000000000000000e+00  0.000000000000000e+00  8.006658209052058e+01  4.138683989598912e+02 -9.629392129721348e+00  0.000000000000000e+00
 0.000000000000000e+00  0.000000000000000e+00 -6.609608241724900e+00 -9.629392129721348e+00  4.015164764017810e+01  0.000000000000000e+00
-8.006658209052058e+01  6.609608241724900e+00  0.000000000000000e+00  0.000000000000000e+00  0.000000000000000e+00  4.540200466000679e+02

 5.862070000000000e-01
 1.285298863965526e+08  4.939739078452414e+06  0.000000000000000e+00  0.000000000000000e+00  0.000000000000000e+00  6.083746379512873e+07
 4.939739078561611e+06  4.179440284331164e+08  0.000000000000000e+00  0.000000000000000e+00  0.000000000000000e+00  1.852631379350286e+07
 0.000000000000000e+00  0.000000000000000e+00  9.210117828328075e+09 -5.405223345828516e+08 -2.175989258560115e+08  0.000000000000000e+00
 0.000000000000000e+00  0.000000000000000e+00 -5.405223345833704e+08  6.368911696908387e+09 -5.719600947910391e+07  0.000000000000000e+00
 0.000000000000000e+00  0.000000000000000e+00 -2.175989258560126e+08 -5.719600947922166e+07  1.621521253550892e+09  0.000000000000000e+00
 6.083746379512674e+07  1.852631379335285e+07  0.000000000000000e+00  0.000000000000000e+00  0.000000000000000e+00  2.062188384983518e+08

 2.689487261281137e+02  0.000000000000000e+00  0.000000000000000e+00  0.000000000000000e+00  0.000000000000000e+00 -6.392909779668273e+01
 0.000000000000000e+00  2.689487261281137e+02  0.000000000000000e+00  0.000000000000000e+00  0.000000000000000e+00  6.394903958597818e+00
 0.000000000000000e+00  0.000000000000000e+00  2.689487261281137e+02  6.392909779668273e+01 -6.394903958597818e+00  0.000000000000000e+00
 0.000000000000000e+00  0.000000000000000e+00  6.392909779668273e+01  3.166719474238958e+02 -7.076650174471760e+00  0.000000000000000e+00
 0.000000000000000e+00  0.000000000000000e+00 -6.394903958597818e+00 -7.076650174471760e+00  3.029324159897778e+01  0.000000000000000e+00
-6.392909779668273e+01  6.394903958597818e+00  0.000000000000000e+00  0.000000000000000e+00  0.000000000000000e+00  3.469651890228728e+02

 6.206900000000000e-01
 1.089827139276324e+08  4.059871120059635e+06  0.000000000000000e+00  0.000000000000000e+00  0.000000000000000e+00  4.771185223394854e+07
 4.059871120075184e+06  3.794297798002694e+08  0.000000000000000e+00  0.000000000000000e+00  0.000000000000000e+00  1.702389361683007e+07
 0.000000000000000e+00  0.000000000000000e+00  8.377286417709774e+09 -4.938850247712640e+08 -2.352525134072573e+08  0.000000000000000e+00
 0.000000000000000e+00  0.000000000000000e+00 -4.938850247712525e+08  4.951510239617288e+09 -2.011391855889428e+07  0.000000000000000e+00
 0.000000000000000e+00  0.000000000000000e+00 -2.352525134072295e+08 -2.011391855887922e+07  1.222565122697987e+09  0.000000000000000e+00
 4.771185223396377e+07  1.702389361684048e+07  0.000000000000000e+00  0.000000000000000e+00  0.000000000000000e+00  1.508911118604607e+08

 2.374280636480057e+02  0.000000000000000e+00  0.000000000000000e+00  0.000000000000000e+00  0.000000000000000e+00 -5.412160319560616e+01
 0.000000000000000e+00  2.374280636480057e+02  0.000000000000000e+00  0.000000000000000e+00  0.000000000000000e+00  6.048495624939744e+00
 0.000000000000000e+00  0.000000000000000e+00  2.374280636480057e+02  5.412160319560616e+01 -6.048495624939744e+00  0.000000000000000e+00
 0.000000000000000e+00  0.000000000000000e+00  5.412160319560616e+01  2.453407746906947e+02 -4.997311057183949e+00  0.000000000000000e+00
 0.000000000000000e+00  0.000000000000000e+00 -6.048495624939744e+00 -4.997311057183949e+00  2.227380997903197e+01  0.000000000000000e+00
-5.412160319560616e+01  6.048495624939744e+00  0.000000000000000e+00  0.000000000000000e+00  0.000000000000000e+00  2.676145846697267e+02

 6.551720000000000e-01
 9.207804873722498e+07  2.669843887205408e+06  0.000000000000000e+00  0.000000000000000e+00  0.000000000000000e+00  3.660561264395374e+07
 2.669843887208073e+06  3.352608483856844e+08  0.000000000000000e+00  0.000000000000000e+00  0.000000000000000e+00  1.651500174359391e+07
 0.000000000000000e+00  0.000000000000000e+00  7.713325550347703e+09 -1.891859895318981e+08 -2.438211729365601e+08  0.000000000000000e+00
 0.000000000000000e+00  0.000000000000000e+00 -1.891859895318663e+08  4.251875702749820e+09  1.053644783757195e+06  0.000000000000000e+00
 0.000000000000000e+00  0.000000000000000e+00 -2.438211729365398e+08  1.053644783745710e+06  9.017621973669581e+08  0.000000000000000e+00
 3.660561264395136e+07  1.651500174356201e+07  0.000000000000000e+00  0.000000000000000e+00  0.000000000000000e+00  1.077317588899870e+08

 2.133168511128375e+02  0.000000000000000e+00  0.000000000000000e+00  0.000000000000000e+00  0.000000000000000e+00 -5.509872330105048e+01
 0.000000000000000e+00  2.133168511128375e+02  0.000000000000000e+00  0.000000000000000e+00  0.000000000000000e+00  5.635872930007021e+00
 0.000000000000000e+00  0.000000000000000e+00  2.133168511128375e+02  5.509872330105048e+01 -5.635872930007021e+00  0.000000000000000e+00
 0.000000000000000e+00  0.000000000000000e+00  5.509872330105048e+01  2.055684636484472e+02 -3.483843555314522e+00  0.000000000000000e+00
 0.000000000000000e+00  0.000000000000000e+00 -5.635872930007021e+00 -3.483843555314522e+00  1.594809446990615e+01  0.000000000000000e+00
-5.509872330105048e+01  5.635872930007021e+00  0.000000000000000e+00  0.000000000000000e+00  0.000000000000000e+00  2.215165581183535e+02

 6.896550000000000e-01
 7.714568679246351e+07  3.083548309814397e+06  0.000000000000000e+00  0.000000000000000e+00  0.000000000000000e+00  2.813169712101788e+07
 3.083548309809452e+06  2.959505013970979e+08  0.000000000000000e+00  0.000000000000000e+00  0.000000000000000e+00  1.253464277030589e+07
 0.000000000000000e+00  0.000000000000000e+00  6.711723215435071e+09 -5.471715968771927e+08 -2.372516307199363e+08  0.000000000000000e+00
 0.000000000000000e+00  0.000000000000000e+00 -5.471715968772098e+08  2.557339843544683e+09  1.765153900808448e+07  0.000000000000000e+00
 0.000000000000000e+00  0.000000000000000e+00 -2.372516307199275e+08  1.765153900807416e+07  6.491506267288723e+08  0.000000000000000e+00
 2.813169712101647e+07  1.253464277030136e+07  0.000000000000000e+00  0.000000000000000e+00  0.000000000000000e+00  7.443039694031693e+07

 7.586732408195838e+02  0.000000000000000e+00  0.000000000000000e+00  0.000000000000000e+00  0.000000000000000e+00  0.000000000000000e+00
 0.000000000000000e+00  7.586732408195838e+02  0.000000000000000e+00  0.000000000000000e+00  0.000000000000000e+00  0.000000000000000e+00
 0.000000000000000e+00  0.000000000000000e+00  7.586732408195838e+02  0.000000000000000e+00  0.000000000000000e+00  0.000000000000000e+00
 0.000000000000000e+00  0.000000000000000e+00  0.000000000000000e+00  1.233063504994260e+02  0.000000000000000e+00  0.000000000000000e+00
 0.000000000000000e+00  0.000000000000000e+00  0.000000000000000e+00  0.000000000000000e+00  1.109765171608701e+01  0.000000000000000e+00
 0.000000000000000e+00  0.000000000000000e+00  0.000000000000000e+00  0.000000000000000e+00  0.000000000000000e+00  1.344040022155133e+02

 7.241379999999999e-01
 6.450189118235561e+07  2.470255504840937e+06  0.000000000000000e+00  0.000000000000000e+00  0.000000000000000e+00  2.113756139606815e+07
 2.470255504841376e+06  2.562723311824912e+08  0.000000000000000e+00  0.000000000000000e+00  0.000000000000000e+00  1.049531678358285e+07
 0.000000000000000e+00  0.000000000000000e+00  5.942638877776634e+09 -5.224880668737848e+08 -2.226824211015092e+08  0.000000000000000e+00
 0.000000000000000e+00  0.000000000000000e+00 -5.224880668737509e+08  1.774248246115477e+09  2.370554114843646e+07  0.000000000000000e+00
 0.000000000000000e+00  0.000000000000000e+00 -2.226824211015041e+08  2.370554114843091e+07  4.547323958977214e+08  0.000000000000000e+00
 2.113756139607254e+07  1.049531678359035e+07  0.000000000000000e+00  0.000000000000000e+00  0.000000000000000e+00  5.009521506166103e+07

 1.470740009910534e+02  0.000000000000000e+00  0.000000000000000e+00  0.000000000000000e+00  0.000000000000000e+00 -1.737568035543478e+01
 0.000000000000000e+00  1.470740009910534e+02  0.000000000000000e+00  0.000000000000000e+00  0.000000000000000e+00  4.305451665649295e+00
 0.000000000000000e+00  0.000000000000000e+00  1.470740009910534e+02  1.737568035543478e+01 -4.305451665649295e+00  0.000000000000000e+00
 0.000000000000000e+00  0.000000000000000e+00  1.737568035543478e+01  8.320403452667401e+01 -1.268114507648158e+00  0.000000000000000e+00
 0.000000000000000e+00  0.000000000000000e+00 -4.305451665649295e+00 -1.268114507648158e+00  7.492432056605775e+00  0.000000000000000e+00
-1.737568035543478e+01  4.305451665649295e+00  0.000000000000000e+00  0.000000000000000e+00  0.000000000000000e+00  9.069646658327979e+01

 7.586210000000000e-01
 5.365691244877870e+07  1.812361997146655e+06  0.000000000000000e+00  0.000000000000000e+00  0.000000000000000e+00  1.560258028924699e+07
 1.812361997161024e+06  2.200291331523327e+08  0.000000000000000e+00  0.000000000000000e+00  0.000000000000000e+00  8.693448571809400e+06
 0.000000000000000e+00  0.000000000000000e+00  5.217319687186606e+09 -4.730143330253356e+08 -2.021581611978752e+08  0.000000000000000e+00
 0.000000000000000e+00  0.000000000000000e+00 -4.730143330253541e+08  1.204219313034766e+09  2.489453208150089e+07  0.000000000000000e+00
 0.000000000000000e+00  0.000000000000000e+00 -2.021581611978803e+08  2.489453208149822e+07  3.085549391145535e+08  0.000000000000000e+00
 1.560258028924543e+07  8.693448571801364e+06  0.000000000000000e+00  0.000000000000000e+00  0.000000000000000e+00  3.276469702558852e+07

 1.222537479702781e+02  0.000000000000000e+00  0.000000000000000e+00  0.000000000000000e+00  0.000000000000000e+00 -9.942958904082582e+00
 0.000000000000000e+00  1.222537479702781e+02  0.000000000000000e+00  0.000000000000000e+00  0.000000000000000e+00  3.631702571635723e+00
 0.000000000000000e+00  0.000000000000000e+00  1.222537479702781e+02  9.942958904082582e+00 -3.631702571635723e+00  0.000000000000000e+00
 0.000000000000000e+00  0.000000000000000e+00  9.942958904082582e+00  5.421897925510274e+01 -6.818518341351055e-01  0.000000000000000e+00
 0.000000000000000e+00  0.000000000000000e+00 -3.631702571635723e+00 -6.818518341351055e-01  4.892646760186795e+00  0.000000000000000e+00
-9.942958904082582e+00  3.631702571635723e+00  0.000000000000000e+00  0.000000000000000e+00  0.000000000000000e+00  5.911162601528931e+01

 7.931030000000000e-01
 4.371137984793528e+07  1.297574833248576e+06  0.000000000000000e+00  0.000000000000000e+00  0.000000000000000e+00  1.101321116395197e+07
 1.297574833253468e+06  1.854370526631915e+08  0.000000000000000e+00  0.000000000000000e+00  0.000000000000000e+00  7.628352162034679e+06
 0.000000000000000e+00  0.000000000000000e+00  4.484613365264850e+09 -4.031086335661079e+08 -1.908549550238790e+08  0.000000000000000e+00
 0.000000000000000e+00  0.000000000000000e+00 -4.031086335661048e+08  7.804510071930749e+08  2.337068863457219e+07  0.000000000000000e+00
